
Int Temp 1	Int Temp 2	Int Temp 3	Int Temp 4	Int Temp 5	Ext Temp 1	Ext Temp 2	Pressure	Humidity	UDOO Temo	Spec Temp	ADS Temp	Time
0	0	32638	0	-56	-83	32638	2097152	0	48	29	22	Tue Apr 17 11:18:51 2018
0	0	0	0	0	0	0	0	0	48	29	22	Tue Apr 17 11:18:52 2018
0	0	0	0	0	0	0	0	0	48	29	22	Tue Apr 17 11:18:53 2018
0	0	0	0	0	0	0	0	0	48	29	22	Tue Apr 17 11:18:54 2018

Int Temp 1	Int Temp 2	Int Temp 3	Int Temp 4	Int Temp 5	Ext Temp 1	Ext Temp 2	Pressure	Humidity	UDOO Temo	Spec Temp	ADS Temp	Time

Int Temp 1	Int Temp 2	Int Temp 3	Int Temp 4	Int Temp 5	Ext Temp 1	Ext Temp 2	Pressure	Humidity	UDOO Temo	Spec Temp	ADS Temp	Time

Int Temp 1	Int Temp 2	Int Temp 3	Int Temp 4	Int Temp 5	Ext Temp 1	Ext Temp 2	Pressure	Humidity	UDOO Temo	Spec Temp	ADS Temp	Time
27	0	0	0	0	0	0	0	0	44	0	0	Thu Apr 19 18:43:10 2018
27	28	31	27	28	0	0	-44	26	44	0	0	Thu Apr 19 18:43:11 2018
27	28	31	27	28	0	0	-42	26	44	0	0	Thu Apr 19 18:43:12 2018
27	28	31	27	28	0	0	-40	26	44	0	0	Thu Apr 19 18:43:13 2018
27	28	31	27	28	0	0	-40	26	44	0	0	Thu Apr 19 18:43:14 2018
27	28	31	27	28	0	0	-37	26	44	0	0	Thu Apr 19 18:43:15 2018
27	28	31	27	28	0	0	-43	26	44	0	0	Thu Apr 19 18:43:16 2018
27	28	31	27	28	0	0	-44	26	44	0	0	Thu Apr 19 18:43:17 2018
27	28	31	27	28	0	0	-44	26	44	0	0	Thu Apr 19 18:43:18 2018
27	28	31	27	28	0	0	-42	26	44	0	0	Thu Apr 19 18:43:48 2018
27	28	31	27	28	0	0	-35	26	45	0	0	Thu Apr 19 18:43:49 2018
27	28	31	27	28	0	0	-34	26	45	0	0	Thu Apr 19 18:43:50 2018
27	28	31	27	28	0	0	-39	26	44	0	0	Thu Apr 19 19:00:52 2018
26	27	31	27	28	0	0	-45	25	45	0	0	Thu Apr 19 19:00:54 2018
26	27	31	27	28	0	0	-40	25	45	0	0	Thu Apr 19 19:00:56 2018
0	0	0	0	0	0	0	0	0	36	0	0	Thu Apr 19 20:26:59 2018
0	0	0	0	0	0	0	0	0	36	0	0	Thu Apr 19 20:27:01 2018
0	0	0	0	0	0	0	0	0	36	0	0	Thu Apr 19 20:27:03 2018
0	0	0	0	0	0	0	0	0	36	0	0	Thu Apr 19 20:27:05 2018
0	0	0	0	0	0	0	0	0	36	0	0	Thu Apr 19 20:27:07 2018
0	0	0	0	0	0	0	0	0	36	0	0	Thu Apr 19 20:27:10 2018
0	0	0	0	0	0	0	0	0	36	0	0	Thu Apr 19 20:27:12 2018
0	0	0	0	0	0	0	0	0	36	0	0	Thu Apr 19 20:27:14 2018
0	0	0	0	0	0	0	0	0	36	0	0	Thu Apr 19 20:27:16 2018
0	0	0	0	0	0	0	0	0	36	0	0	Thu Apr 19 20:27:18 2018
0	0	0	0	0	0	0	0	0	36	0	0	Thu Apr 19 20:27:20 2018
0	0	0	0	0	0	0	0	0	36	0	0	Thu Apr 19 20:27:22 2018
0	0	0	0	0	0	0	0	0	36	0	0	Thu Apr 19 20:27:24 2018
0	0	0	0	0	0	0	0	0	36	0	0	Thu Apr 19 20:27:26 2018
0	0	0	0	0	0	0	0	0	36	0	0	Thu Apr 19 20:27:28 2018
25	26	25	25	0	22	24	0	0	36	0	0	Thu Apr 19 20:27:53 2018
25	26	25	25	0	0	0	0	0	36	0	0	Thu Apr 19 20:27:55 2018
25	26	25	25	0	0	0	0	0	36	0	0	Thu Apr 19 20:27:57 2018
25	26	25	25	0	0	0	0	0	36	0	0	Thu Apr 19 20:27:59 2018
25	26	25	25	0	0	0	0	0	36	0	0	Thu Apr 19 20:28:01 2018
25	26	25	25	0	22	24	0	0	36	0	0	Thu Apr 19 20:28:03 2018
25	26	25	25	0	0	0	0	0	37	0	0	Thu Apr 19 20:28:05 2018
25	26	25	25	0	0	0	0	0	36	0	0	Thu Apr 19 20:28:07 2018
25	26	25	25	0	0	0	0	0	37	0	0	Thu Apr 19 20:28:09 2018
25	26	25	25	0	0	0	0	0	37	0	0	Thu Apr 19 20:28:11 2018
25	26	25	25	0	0	0	0	0	37	0	0	Thu Apr 19 20:28:14 2018
25	26	25	25	0	0	0	0	0	36	0	0	Thu Apr 19 20:28:16 2018
25	26	25	25	0	22	0	0	0	37	0	0	Thu Apr 19 20:28:18 2018
25	26	25	25	0	22	0	0	0	37	0	0	Thu Apr 19 20:28:20 2018
25	26	25	25	0	0	0	0	0	37	0	0	Thu Apr 19 20:28:22 2018
25	26	25	25	0	0	0	0	0	37	0	0	Thu Apr 19 20:28:24 2018
25	26	25	25	0	21	24	0	0	39	0	0	Thu Apr 19 20:30:06 2018
25	26	25	25	0	21	24	0	0	39	0	0	Thu Apr 19 20:30:08 2018
25	26	26	25	0	0	0	0	0	40	0	0	Thu Apr 19 20:31:36 2018
25	26	26	25	0	0	0	0	0	40	0	0	Thu Apr 19 20:31:38 2018
25	26	26	25	0	0	0	0	0	40	0	0	Thu Apr 19 20:31:40 2018
25	26	26	25	0	21	0	0	0	40	0	0	Thu Apr 19 20:31:42 2018
25	26	26	25	0	0	0	0	0	40	0	0	Thu Apr 19 20:31:44 2018
25	26	26	25	0	0	0	0	0	40	0	0	Thu Apr 19 20:31:46 2018
25	26	26	25	0	21	0	0	0	40	0	0	Thu Apr 19 20:31:48 2018
25	26	26	25	0	0	0	0	0	40	0	0	Thu Apr 19 20:31:51 2018
25	26	26	25	0	0	0	0	0	40	0	0	Thu Apr 19 20:31:58 2018
25	26	26	25	0	0	0	0	0	40	0	0	Thu Apr 19 20:32:00 2018
25	26	26	25	0	21	24	0	0	40	0	0	Thu Apr 19 20:32:02 2018
25	26	26	25	0	0	24	0	0	40	0	0	Thu Apr 19 20:32:04 2018
25	26	26	25	0	0	0	0	0	40	0	0	Thu Apr 19 20:32:06 2018
25	26	26	25	0	0	0	0	0	39	0	0	Thu Apr 19 20:32:08 2018
0	0	0	0	0	0	0	0	0	40	0	0	Thu Apr 19 20:32:10 2018
0	0	0	0	0	0	0	0	0	40	0	0	Thu Apr 19 20:32:12 2018
0	0	0	0	0	0	0	0	0	40	0	0	Thu Apr 19 20:32:14 2018
0	0	0	0	0	0	0	0	0	39	0	0	Thu Apr 19 20:32:16 2018
0	0	0	0	0	0	0	0	0	40	0	0	Thu Apr 19 20:32:18 2018
0	0	0	0	0	0	0	0	0	39	0	0	Thu Apr 19 20:32:20 2018
0	0	0	0	0	0	0	0	0	40	0	0	Thu Apr 19 20:32:22 2018
0	0	0	0	0	0	0	0	0	40	0	0	Thu Apr 19 20:32:24 2018
0	0	0	0	0	0	0	0	0	39	0	0	Thu Apr 19 20:32:26 2018
0	0	0	0	0	0	0	0	0	39	0	0	Thu Apr 19 20:32:29 2018
0	0	0	0	0	0	0	0	0	39	0	0	Thu Apr 19 20:32:31 2018
0	0	0	0	0	0	0	0	0	39	0	0	Thu Apr 19 20:32:33 2018
0	0	0	0	0	0	0	0	0	39	0	0	Thu Apr 19 20:32:35 2018
0	0	0	0	0	0	0	0	0	39	0	0	Thu Apr 19 20:32:37 2018
0	0	0	0	0	0	0	0	0	39	0	0	Thu Apr 19 20:32:39 2018
0	0	0	0	0	0	0	0	0	39	0	0	Thu Apr 19 20:32:41 2018
0	0	0	0	0	0	0	0	0	39	0	0	Thu Apr 19 20:32:43 2018
0	0	0	0	0	0	0	0	0	39	0	0	Thu Apr 19 20:32:45 2018
0	0	0	0	0	0	0	0	0	39	0	0	Thu Apr 19 20:32:47 2018
0	0	0	0	0	0	0	0	0	39	0	0	Thu Apr 19 20:32:49 2018
0	0	0	0	0	0	0	0	0	39	0	0	Thu Apr 19 20:32:51 2018
0	0	0	0	0	0	0	0	0	39	0	0	Thu Apr 19 20:32:53 2018
0	0	0	0	0	0	0	0	0	39	0	0	Thu Apr 19 20:32:55 2018
0	0	0	0	0	0	0	0	0	39	0	0	Thu Apr 19 20:32:57 2018
0	0	0	0	0	0	0	0	0	39	0	0	Thu Apr 19 20:32:59 2018
0	0	0	0	0	0	0	0	0	39	0	0	Thu Apr 19 20:33:01 2018
0	0	0	0	0	0	0	0	0	39	0	0	Thu Apr 19 20:33:04 2018
0	0	0	0	0	0	0	0	0	39	0	0	Thu Apr 19 20:33:06 2018
0	0	0	0	0	0	0	0	0	39	0	0	Thu Apr 19 20:33:08 2018
0	0	0	0	0	0	0	0	0	39	0	0	Thu Apr 19 20:33:10 2018
0	0	0	0	0	0	0	0	0	39	0	0	Thu Apr 19 20:33:12 2018
0	0	0	0	0	0	0	0	0	39	0	0	Thu Apr 19 20:33:14 2018
0	0	0	0	0	0	0	0	0	39	0	0	Thu Apr 19 20:33:16 2018
0	0	0	0	0	0	0	0	0	39	0	0	Thu Apr 19 20:33:18 2018
0	0	0	0	0	0	0	0	0	39	0	0	Thu Apr 19 20:33:20 2018
0	0	0	0	0	0	0	0	0	39	0	0	Thu Apr 19 20:33:22 2018
0	0	0	0	0	0	0	0	0	39	0	0	Thu Apr 19 20:33:24 2018
0	0	0	0	0	0	0	0	0	39	0	0	Thu Apr 19 20:33:26 2018
0	0	0	0	0	0	0	0	0	39	0	0	Thu Apr 19 20:33:28 2018
0	0	0	0	0	0	0	0	0	39	0	0	Thu Apr 19 20:33:30 2018
0	0	0	0	0	0	0	0	0	39	0	0	Thu Apr 19 20:33:32 2018
0	0	0	0	0	0	0	0	0	39	0	0	Thu Apr 19 20:33:34 2018
0	0	0	0	0	0	0	0	0	39	0	0	Thu Apr 19 20:33:37 2018
0	0	0	0	0	0	0	0	0	39	0	0	Thu Apr 19 20:33:39 2018
0	0	0	0	0	0	0	0	0	39	0	0	Thu Apr 19 20:33:41 2018
0	0	0	0	0	0	0	0	0	39	0	0	Thu Apr 19 20:33:43 2018
0	0	0	0	0	0	0	0	0	39	0	0	Thu Apr 19 20:33:45 2018
0	0	0	0	0	0	0	0	0	39	0	0	Thu Apr 19 20:33:47 2018
0	0	0	0	0	0	0	0	0	39	0	0	Thu Apr 19 20:33:49 2018
0	0	0	0	0	0	0	0	0	39	0	0	Thu Apr 19 20:33:51 2018
0	0	0	0	0	0	0	0	0	39	0	0	Thu Apr 19 20:33:53 2018
0	0	0	0	0	0	0	0	0	39	0	0	Thu Apr 19 20:33:55 2018
0	0	0	0	0	0	0	0	0	39	0	0	Thu Apr 19 20:33:57 2018
0	0	0	0	0	0	0	0	0	39	0	0	Thu Apr 19 20:33:59 2018
0	0	0	0	0	0	0	0	0	39	0	0	Thu Apr 19 20:34:01 2018
0	0	0	0	0	0	0	0	0	39	0	0	Thu Apr 19 20:34:03 2018
0	0	0	0	0	0	0	0	0	39	0	0	Thu Apr 19 20:34:05 2018
0	0	0	0	0	0	0	0	0	39	0	0	Thu Apr 19 20:34:07 2018
0	0	0	0	0	0	0	0	0	39	0	0	Thu Apr 19 20:34:10 2018
0	0	0	0	0	0	0	0	0	39	0	0	Thu Apr 19 20:34:12 2018
0	0	0	0	0	0	0	0	0	39	0	0	Thu Apr 19 20:34:14 2018
0	0	0	0	0	0	0	0	0	39	0	0	Thu Apr 19 20:34:16 2018
0	0	0	0	0	0	0	0	0	39	0	0	Thu Apr 19 20:34:18 2018
0	0	0	0	0	0	0	0	0	39	0	0	Thu Apr 19 20:34:20 2018
0	0	0	0	0	0	0	0	0	39	0	0	Thu Apr 19 20:34:22 2018
0	0	0	0	0	0	0	0	0	39	0	0	Thu Apr 19 20:34:24 2018
0	0	0	0	0	0	0	0	0	39	0	0	Thu Apr 19 20:34:26 2018
0	0	0	0	0	0	0	0	0	39	0	0	Thu Apr 19 20:34:28 2018
0	0	0	0	0	0	0	0	0	39	0	0	Thu Apr 19 20:34:30 2018
0	0	0	0	0	0	0	0	0	39	0	0	Thu Apr 19 20:34:32 2018
0	0	0	0	0	0	0	0	0	39	0	0	Thu Apr 19 20:34:34 2018
0	0	0	0	0	0	0	0	0	39	0	0	Thu Apr 19 20:34:36 2018
0	0	0	0	0	0	0	0	0	39	0	0	Thu Apr 19 20:34:38 2018
0	0	0	0	0	0	0	0	0	39	0	0	Thu Apr 19 20:34:40 2018
0	0	0	0	0	0	0	0	0	39	0	0	Thu Apr 19 20:34:43 2018
0	0	0	0	0	0	0	0	0	39	0	0	Thu Apr 19 20:34:45 2018
0	0	0	0	0	0	0	0	0	39	0	0	Thu Apr 19 20:34:47 2018
0	0	0	0	0	0	0	0	0	39	0	0	Thu Apr 19 20:34:49 2018
0	0	0	0	0	0	0	0	0	39	0	0	Thu Apr 19 20:34:51 2018
0	0	0	0	0	0	0	0	0	39	0	0	Thu Apr 19 20:34:53 2018
0	0	0	0	0	0	0	0	0	39	0	0	Thu Apr 19 20:34:55 2018
0	0	0	0	0	0	0	0	0	39	0	0	Thu Apr 19 20:34:57 2018
0	0	0	0	0	0	0	0	0	39	0	0	Thu Apr 19 20:35:24 2018
0	0	0	0	0	0	0	0	0	39	0	0	Thu Apr 19 20:35:26 2018
0	0	0	0	0	0	0	0	0	39	0	0	Thu Apr 19 20:35:28 2018
25	26	26	0	0	22	24	0	0	39	0	0	Thu Apr 19 20:37:41 2018
25	26	26	0	0	22	24	0	0	39	0	0	Thu Apr 19 20:37:43 2018
25	26	26	0	0	22	24	0	0	39	0	0	Thu Apr 19 20:37:45 2018
25	26	26	0	0	22	24	0	0	39	0	0	Thu Apr 19 20:37:47 2018
25	26	26	0	0	22	24	0	0	39	0	0	Thu Apr 19 20:37:49 2018
25	26	26	0	0	22	24	0	0	39	0	0	Thu Apr 19 20:37:51 2018
25	26	26	0	0	22	24	0	0	39	0	0	Thu Apr 19 20:37:53 2018
25	26	26	0	0	22	24	0	0	39	0	0	Thu Apr 19 20:37:56 2018
25	26	26	0	0	22	24	0	0	39	0	0	Thu Apr 19 20:37:58 2018
25	26	26	0	0	22	24	0	0	39	0	0	Thu Apr 19 20:38:00 2018
25	26	26	0	0	22	24	0	0	39	0	0	Thu Apr 19 20:38:02 2018
25	26	26	0	0	22	24	0	0	39	0	0	Thu Apr 19 20:38:04 2018
25	26	26	0	0	22	24	0	0	39	0	0	Thu Apr 19 20:38:06 2018
25	26	26	0	0	22	24	0	0	39	0	0	Thu Apr 19 20:38:08 2018
25	26	26	0	0	22	24	0	0	39	0	0	Thu Apr 19 20:38:10 2018
25	26	26	0	0	22	24	0	0	39	0	0	Thu Apr 19 20:38:12 2018
25	26	26	0	0	22	24	0	0	39	0	0	Thu Apr 19 20:38:14 2018
25	26	26	0	0	22	24	0	0	39	0	0	Thu Apr 19 20:38:16 2018
25	26	26	0	0	22	24	0	0	39	0	0	Thu Apr 19 20:38:18 2018
25	26	26	0	0	22	24	0	0	39	0	0	Thu Apr 19 20:38:20 2018
25	26	26	0	0	22	24	0	0	39	0	0	Thu Apr 19 20:38:22 2018
25	26	26	0	0	22	24	0	0	39	0	0	Thu Apr 19 20:38:24 2018
25	26	26	0	0	22	24	0	0	39	0	0	Thu Apr 19 20:38:26 2018
25	26	26	0	0	22	24	0	0	39	0	0	Thu Apr 19 20:38:28 2018
25	26	26	0	0	22	24	0	0	39	0	0	Thu Apr 19 20:38:30 2018
25	26	26	0	0	22	24	0	0	39	0	0	Thu Apr 19 20:38:32 2018
25	26	26	0	0	22	24	0	0	39	0	0	Thu Apr 19 20:38:34 2018
25	26	26	0	0	22	24	0	0	39	0	0	Thu Apr 19 20:38:37 2018
25	26	26	0	0	22	24	0	0	39	0	0	Thu Apr 19 20:38:39 2018
25	26	26	0	0	22	24	0	0	39	0	0	Thu Apr 19 20:38:41 2018
25	26	26	0	0	22	24	0	0	39	0	0	Thu Apr 19 20:38:43 2018
25	26	26	0	0	22	24	0	0	39	0	0	Thu Apr 19 20:38:45 2018
25	26	26	0	0	22	24	0	0	39	0	0	Thu Apr 19 20:38:47 2018
25	26	26	0	0	22	24	0	0	39	0	0	Thu Apr 19 20:38:49 2018
25	26	26	0	0	22	24	0	0	39	0	0	Thu Apr 19 20:38:51 2018
25	26	26	0	0	22	24	0	0	39	0	0	Thu Apr 19 20:38:53 2018
25	26	26	0	0	22	24	0	0	39	0	0	Thu Apr 19 20:38:55 2018
25	26	26	0	0	22	24	0	0	39	0	0	Thu Apr 19 20:38:57 2018
25	26	26	0	0	22	24	0	0	39	0	0	Thu Apr 19 20:38:59 2018
25	26	26	0	0	22	24	0	0	39	0	0	Thu Apr 19 20:39:01 2018
25	26	26	0	0	22	24	0	0	39	0	0	Thu Apr 19 20:39:03 2018
25	26	26	0	0	22	24	0	0	39	0	0	Thu Apr 19 20:39:05 2018
25	26	26	0	0	22	24	0	0	39	0	0	Thu Apr 19 20:39:07 2018
25	26	26	0	0	22	24	0	0	39	0	0	Thu Apr 19 20:39:09 2018
25	26	26	0	0	22	24	0	0	39	0	0	Thu Apr 19 20:39:11 2018
25	26	26	0	0	22	24	0	0	39	0	0	Thu Apr 19 20:39:13 2018
25	26	26	0	0	22	24	0	0	39	0	0	Thu Apr 19 20:39:16 2018
25	26	26	0	0	22	24	0	0	39	0	0	Thu Apr 19 20:39:18 2018
25	26	26	0	0	22	24	0	0	39	0	0	Thu Apr 19 20:39:20 2018
25	26	26	0	0	22	24	0	0	39	0	0	Thu Apr 19 20:39:22 2018
25	26	26	0	0	22	24	0	0	39	0	0	Thu Apr 19 20:39:24 2018
25	26	26	0	0	22	24	0	0	39	0	0	Thu Apr 19 20:39:26 2018
25	26	26	0	0	22	24	0	0	39	0	0	Thu Apr 19 20:39:28 2018
25	26	26	0	0	22	24	0	0	39	0	0	Thu Apr 19 20:39:30 2018
25	26	26	0	0	22	24	0	0	39	0	0	Thu Apr 19 20:39:32 2018
25	26	26	0	0	22	24	0	0	39	0	0	Thu Apr 19 20:39:34 2018
25	26	26	0	0	22	24	0	0	39	0	0	Thu Apr 19 20:39:36 2018
25	26	26	0	0	22	24	0	0	39	0	0	Thu Apr 19 20:39:38 2018
25	26	26	0	0	22	24	0	0	39	0	0	Thu Apr 19 20:39:40 2018
25	26	26	0	0	22	24	0	0	39	0	0	Thu Apr 19 20:39:42 2018
25	26	26	0	0	22	24	0	0	39	0	0	Thu Apr 19 20:39:44 2018
25	26	26	0	0	22	24	0	0	39	0	0	Thu Apr 19 20:39:46 2018
25	26	26	0	0	22	24	0	0	39	0	0	Thu Apr 19 20:39:49 2018
25	26	26	0	0	22	24	0	0	39	0	0	Thu Apr 19 20:39:51 2018
25	26	26	0	0	22	24	0	0	39	0	0	Thu Apr 19 20:39:53 2018
25	26	26	0	0	22	24	0	0	39	0	0	Thu Apr 19 20:39:55 2018
25	26	26	0	0	22	24	0	0	39	0	0	Thu Apr 19 20:39:57 2018
25	26	26	0	0	22	24	0	0	39	0	0	Thu Apr 19 20:40:42 2018
25	26	26	0	0	22	24	0	0	39	0	0	Thu Apr 19 20:40:44 2018
25	26	26	0	0	22	24	0	0	39	0	0	Thu Apr 19 20:40:46 2018
25	26	26	0	0	22	24	0	0	39	0	0	Thu Apr 19 20:40:49 2018
25	26	26	0	0	22	24	0	0	39	0	0	Thu Apr 19 20:40:51 2018
25	26	26	0	0	22	24	0	0	39	0	0	Thu Apr 19 20:40:53 2018
25	26	26	0	0	22	24	0	0	39	0	0	Thu Apr 19 20:40:55 2018
25	26	26	0	0	22	24	0	0	39	0	0	Thu Apr 19 20:40:57 2018
25	26	26	0	0	22	24	0	0	39	0	0	Thu Apr 19 20:40:59 2018
25	26	26	0	0	22	24	0	0	39	0	0	Thu Apr 19 20:41:01 2018
25	26	26	0	0	22	24	0	0	39	0	0	Thu Apr 19 20:41:03 2018
25	26	26	0	0	22	24	0	0	39	0	0	Thu Apr 19 20:41:05 2018
25	26	26	0	0	22	24	0	0	39	0	0	Thu Apr 19 20:41:07 2018
25	26	26	0	0	22	24	0	0	39	0	0	Thu Apr 19 20:41:09 2018
25	26	26	0	0	22	24	0	0	39	0	0	Thu Apr 19 20:41:11 2018
25	26	26	0	0	22	24	0	0	39	0	0	Thu Apr 19 20:41:13 2018
25	26	26	0	0	22	24	0	0	39	0	0	Thu Apr 19 20:41:15 2018
25	26	26	0	0	22	24	0	0	39	0	0	Thu Apr 19 20:41:17 2018
25	26	26	0	0	22	24	0	0	39	0	0	Thu Apr 19 20:41:19 2018
25	26	26	0	0	22	24	0	0	39	0	0	Thu Apr 19 20:41:21 2018
25	26	26	0	0	22	24	0	0	39	0	0	Thu Apr 19 20:41:23 2018
25	26	26	0	0	22	24	0	0	39	0	0	Thu Apr 19 20:41:26 2018
25	26	26	0	0	22	24	0	0	39	0	0	Thu Apr 19 20:41:28 2018
25	26	26	0	0	22	24	0	0	39	0	0	Thu Apr 19 20:41:30 2018
25	26	26	0	0	22	24	0	0	39	0	0	Thu Apr 19 20:41:32 2018
25	26	26	0	0	22	24	0	0	39	0	0	Thu Apr 19 20:41:34 2018
25	26	26	0	0	22	24	0	0	39	0	0	Thu Apr 19 20:41:36 2018
25	26	26	0	0	22	24	0	0	39	0	0	Thu Apr 19 20:41:38 2018
25	26	26	0	0	22	24	0	0	39	0	0	Thu Apr 19 20:41:40 2018
25	26	26	0	0	22	24	0	0	39	0	0	Thu Apr 19 20:41:42 2018
25	26	26	0	0	22	24	0	0	39	0	0	Thu Apr 19 20:41:44 2018
25	26	26	0	0	22	24	0	0	39	0	0	Thu Apr 19 20:41:46 2018
25	26	26	0	0	22	24	0	0	39	0	0	Thu Apr 19 20:41:48 2018
25	26	26	0	0	22	24	0	0	39	0	0	Thu Apr 19 20:41:50 2018
25	26	26	0	0	22	24	0	0	39	0	0	Thu Apr 19 20:41:52 2018
25	26	26	0	0	22	24	0	0	39	0	0	Thu Apr 19 20:41:54 2018
25	26	26	0	0	22	24	0	0	39	0	0	Thu Apr 19 20:41:57 2018
25	26	26	0	0	22	24	0	0	39	0	0	Thu Apr 19 20:41:59 2018
25	26	26	0	0	22	24	0	0	39	0	0	Thu Apr 19 20:42:01 2018
25	26	26	0	0	22	24	0	0	39	0	0	Thu Apr 19 20:42:03 2018
25	26	26	0	0	22	24	0	0	39	0	0	Thu Apr 19 20:42:05 2018
25	26	26	0	0	22	24	0	0	39	0	0	Thu Apr 19 20:42:07 2018
25	26	26	0	0	22	24	0	0	39	0	0	Thu Apr 19 20:42:09 2018
25	26	26	0	0	22	24	0	0	39	0	0	Thu Apr 19 20:42:11 2018
25	26	26	0	0	22	24	0	0	39	0	0	Thu Apr 19 20:42:13 2018
25	26	26	0	0	22	24	0	0	39	0	0	Thu Apr 19 20:42:15 2018
25	26	26	0	0	22	24	0	0	39	0	0	Thu Apr 19 20:42:17 2018
25	26	26	0	0	22	24	0	0	39	0	0	Thu Apr 19 20:42:19 2018
25	26	26	0	0	22	24	0	0	39	0	0	Thu Apr 19 20:42:21 2018
25	26	26	0	0	22	24	0	0	39	0	0	Thu Apr 19 20:42:23 2018
25	26	26	0	0	22	24	0	0	39	0	0	Thu Apr 19 20:42:25 2018
25	26	0	0	0	22	24	0	0	39	0	0	Thu Apr 19 20:42:28 2018
25	26	26	0	0	22	24	0	0	39	0	0	Thu Apr 19 20:42:30 2018
25	26	26	0	0	22	24	0	0	39	0	0	Thu Apr 19 20:42:32 2018
25	26	26	0	0	22	24	0	0	39	0	0	Thu Apr 19 20:42:34 2018
25	26	26	0	0	22	24	0	0	39	0	0	Thu Apr 19 20:42:36 2018
25	26	26	0	0	22	24	0	0	39	0	0	Thu Apr 19 20:42:38 2018
25	26	26	0	0	22	24	0	0	39	0	0	Thu Apr 19 20:42:40 2018
25	26	26	0	0	22	24	0	0	39	0	0	Thu Apr 19 20:42:42 2018
25	26	26	0	0	22	24	0	0	39	0	0	Thu Apr 19 20:42:44 2018
25	26	26	0	0	22	24	0	0	39	0	0	Thu Apr 19 20:42:46 2018
25	26	0	0	0	22	24	0	0	39	0	0	Thu Apr 19 20:42:48 2018
25	26	26	0	0	22	24	0	0	39	0	0	Thu Apr 19 20:42:50 2018
25	26	26	0	0	22	24	0	0	39	0	0	Thu Apr 19 20:42:52 2018
25	26	26	0	0	22	24	0	0	39	0	0	Thu Apr 19 20:42:54 2018
25	26	26	0	0	22	24	0	0	39	0	0	Thu Apr 19 20:42:56 2018
25	26	26	0	0	22	24	0	0	39	0	0	Thu Apr 19 20:42:58 2018
25	26	26	0	0	22	24	0	0	39	0	0	Thu Apr 19 20:43:00 2018
25	26	26	0	0	22	24	0	0	39	0	0	Thu Apr 19 20:43:03 2018
25	26	26	0	0	22	24	0	0	39	0	0	Thu Apr 19 20:43:05 2018
25	26	26	0	0	22	24	0	0	39	0	0	Thu Apr 19 20:43:07 2018
25	26	0	0	0	22	24	0	0	39	0	0	Thu Apr 19 20:43:09 2018
25	26	26	0	0	22	24	0	0	39	0	0	Thu Apr 19 20:43:11 2018
25	26	26	0	0	22	24	0	0	39	0	0	Thu Apr 19 20:43:13 2018
25	26	26	0	0	22	24	0	0	39	0	0	Thu Apr 19 20:43:15 2018
25	26	26	0	0	22	24	0	0	39	0	0	Thu Apr 19 20:43:17 2018
25	26	26	0	0	22	24	0	0	39	0	0	Thu Apr 19 20:43:19 2018
25	26	26	0	0	22	24	0	0	39	0	0	Thu Apr 19 20:43:21 2018
25	26	0	0	0	22	24	0	0	39	0	0	Thu Apr 19 20:43:23 2018
25	26	26	0	0	22	24	0	0	39	0	0	Thu Apr 19 20:43:25 2018
25	26	26	0	0	22	24	0	0	39	0	0	Thu Apr 19 20:43:27 2018
25	26	26	0	0	22	24	0	0	39	0	0	Thu Apr 19 20:43:29 2018
25	26	26	0	0	22	24	0	0	39	0	0	Thu Apr 19 20:43:31 2018
25	26	26	0	0	22	24	0	0	39	0	0	Thu Apr 19 20:43:34 2018
25	26	26	0	0	22	24	0	0	39	0	0	Thu Apr 19 20:43:36 2018
25	26	26	0	0	22	24	0	0	39	0	0	Thu Apr 19 20:43:38 2018
25	26	26	0	0	22	24	0	0	39	0	0	Thu Apr 19 20:43:40 2018
25	26	26	0	0	22	24	0	0	39	0	0	Thu Apr 19 20:43:42 2018
25	26	0	0	0	22	24	0	0	39	0	0	Thu Apr 19 20:43:44 2018
25	26	26	0	0	22	24	0	0	39	0	0	Thu Apr 19 20:43:46 2018
25	26	26	0	0	22	24	0	0	39	0	0	Thu Apr 19 20:43:48 2018
25	26	26	0	0	22	24	0	0	39	0	0	Thu Apr 19 20:43:50 2018
25	26	26	0	0	22	24	0	0	39	0	0	Thu Apr 19 20:43:52 2018
25	26	26	0	0	22	24	0	0	39	0	0	Thu Apr 19 20:43:54 2018
25	26	26	0	0	22	24	0	0	39	0	0	Thu Apr 19 20:43:56 2018
25	26	0	0	0	22	24	0	0	39	0	0	Thu Apr 19 20:43:58 2018
25	26	26	0	0	22	24	0	0	39	0	0	Thu Apr 19 20:44:00 2018
25	26	26	0	0	22	24	0	0	39	0	0	Thu Apr 19 20:44:02 2018
25	26	26	0	0	22	24	0	0	39	0	0	Thu Apr 19 20:44:05 2018
25	26	26	0	0	22	24	0	0	39	0	0	Thu Apr 19 20:44:07 2018
25	26	26	0	0	22	24	0	0	39	0	0	Thu Apr 19 20:44:09 2018
25	26	26	0	0	22	24	0	0	39	0	0	Thu Apr 19 20:44:11 2018
25	26	26	0	0	22	24	0	0	39	0	0	Thu Apr 19 20:44:13 2018
25	26	26	0	0	22	24	0	0	39	0	0	Thu Apr 19 20:44:15 2018
25	26	26	0	0	22	24	0	0	39	0	0	Thu Apr 19 20:44:17 2018
25	26	0	0	0	22	24	0	0	39	0	0	Thu Apr 19 20:44:19 2018
25	26	26	0	0	22	24	0	0	39	0	0	Thu Apr 19 20:44:21 2018
25	26	26	0	0	22	24	0	0	39	0	0	Thu Apr 19 20:44:23 2018
25	26	26	0	0	22	24	0	0	39	0	0	Thu Apr 19 20:44:25 2018
25	26	26	0	0	22	24	0	0	39	0	0	Thu Apr 19 20:44:27 2018
25	26	26	0	0	22	24	0	0	39	0	0	Thu Apr 19 20:44:29 2018
25	26	26	0	0	22	24	0	0	39	0	0	Thu Apr 19 20:44:31 2018
25	0	0	0	0	22	24	0	0	39	0	0	Thu Apr 19 20:44:34 2018
25	26	26	0	0	22	24	0	0	39	0	0	Thu Apr 19 20:44:36 2018
25	26	26	0	0	22	24	0	0	39	0	0	Thu Apr 19 20:44:38 2018
25	26	26	0	0	22	24	0	0	39	0	0	Thu Apr 19 20:44:40 2018
25	26	26	0	0	22	24	0	0	39	0	0	Thu Apr 19 20:44:42 2018
25	26	26	0	0	22	24	0	0	39	0	0	Thu Apr 19 20:44:44 2018
25	26	26	0	0	22	24	0	0	39	0	0	Thu Apr 19 20:44:46 2018
25	0	0	0	0	22	24	0	0	39	0	0	Thu Apr 19 20:44:48 2018
25	26	26	0	0	22	24	0	0	39	0	0	Thu Apr 19 20:44:50 2018
25	26	26	0	0	22	24	0	0	39	0	0	Thu Apr 19 20:44:52 2018
25	26	26	0	0	22	24	0	0	39	0	0	Thu Apr 19 20:44:54 2018
25	26	26	0	0	22	24	0	0	39	0	0	Thu Apr 19 20:44:56 2018
25	26	26	0	0	22	24	0	0	39	0	0	Thu Apr 19 20:44:58 2018
25	26	26	0	0	22	24	0	0	39	0	0	Thu Apr 19 20:45:00 2018
25	26	26	0	0	22	24	0	0	39	0	0	Thu Apr 19 20:45:02 2018
25	26	26	0	0	22	24	0	0	39	0	0	Thu Apr 19 20:45:04 2018
25	26	26	0	0	22	24	0	0	39	0	0	Thu Apr 19 20:45:06 2018
25	0	0	0	0	22	24	0	0	39	0	0	Thu Apr 19 20:45:09 2018
25	26	26	0	0	22	24	0	0	39	0	0	Thu Apr 19 20:45:11 2018
25	26	26	0	0	22	24	0	0	39	0	0	Thu Apr 19 20:45:13 2018
25	26	26	0	0	22	24	0	0	39	0	0	Thu Apr 19 20:45:15 2018
25	26	26	0	0	22	24	0	0	39	0	0	Thu Apr 19 20:45:17 2018
25	26	26	0	0	22	24	0	0	39	0	0	Thu Apr 19 20:45:19 2018
25	26	26	0	0	22	24	0	0	39	0	0	Thu Apr 19 20:45:21 2018
25	26	26	0	0	22	24	0	0	39	0	0	Thu Apr 19 20:45:23 2018
25	26	26	0	0	22	24	0	0	39	0	0	Thu Apr 19 20:45:25 2018
25	26	26	0	0	22	24	0	0	39	0	0	Thu Apr 19 20:45:27 2018
25	26	26	0	0	22	24	0	0	39	0	0	Thu Apr 19 20:45:29 2018
25	26	26	0	0	22	24	0	0	39	0	0	Thu Apr 19 20:45:31 2018
25	26	26	0	0	22	24	0	0	39	0	0	Thu Apr 19 20:45:33 2018
25	26	26	0	0	22	24	0	0	39	0	0	Thu Apr 19 20:45:35 2018
25	26	26	0	0	22	24	0	0	39	0	0	Thu Apr 19 20:45:37 2018
25	26	26	0	0	22	24	0	0	39	0	0	Thu Apr 19 20:45:40 2018
25	26	26	0	0	22	24	0	0	39	0	0	Thu Apr 19 20:45:42 2018
25	26	26	0	0	22	24	0	0	39	0	0	Thu Apr 19 20:45:44 2018
25	26	26	0	0	22	24	0	0	39	0	0	Thu Apr 19 20:45:46 2018
25	26	26	0	0	22	24	0	0	39	0	0	Thu Apr 19 20:45:48 2018
25	26	26	0	0	22	24	0	0	39	0	0	Thu Apr 19 20:45:50 2018
25	26	26	0	0	22	24	0	0	39	0	0	Thu Apr 19 20:45:52 2018
25	26	26	0	0	22	24	0	0	39	0	0	Thu Apr 19 20:45:54 2018
25	26	26	0	0	22	24	0	0	39	0	0	Thu Apr 19 20:45:56 2018
25	26	26	0	0	22	24	0	0	39	0	0	Thu Apr 19 20:45:58 2018
25	26	26	0	0	22	24	0	0	39	0	0	Thu Apr 19 20:46:00 2018
25	26	26	0	0	22	24	0	0	39	0	0	Thu Apr 19 20:46:02 2018
25	26	26	0	0	22	24	0	0	39	0	0	Thu Apr 19 20:46:04 2018
25	26	26	0	0	22	24	0	0	39	0	0	Thu Apr 19 20:46:06 2018
25	26	26	0	0	22	24	0	0	39	0	0	Thu Apr 19 20:46:09 2018
25	26	26	0	0	22	24	0	0	39	0	0	Thu Apr 19 20:46:11 2018
25	26	26	0	0	22	24	0	0	39	0	0	Thu Apr 19 20:46:13 2018
25	26	26	0	0	22	24	0	0	39	0	0	Thu Apr 19 20:46:15 2018
25	26	26	0	0	22	24	0	0	39	0	0	Thu Apr 19 20:46:17 2018
25	26	26	0	0	22	24	0	0	39	0	0	Thu Apr 19 20:46:19 2018
25	26	26	0	0	22	24	0	0	39	0	0	Thu Apr 19 20:46:21 2018
25	26	26	0	0	22	24	0	0	39	0	0	Thu Apr 19 20:46:23 2018
25	26	26	0	0	22	24	0	0	39	0	0	Thu Apr 19 20:46:25 2018
25	26	26	0	0	22	24	0	0	39	0	0	Thu Apr 19 20:46:27 2018
25	26	26	0	0	22	24	0	0	39	0	0	Thu Apr 19 20:46:29 2018
25	26	26	0	0	22	24	0	0	39	0	0	Thu Apr 19 20:46:31 2018
25	26	26	0	0	22	24	0	0	39	0	0	Thu Apr 19 20:46:33 2018
25	26	26	0	0	22	24	0	0	39	0	0	Thu Apr 19 20:46:35 2018
25	26	26	0	0	22	24	0	0	39	0	0	Thu Apr 19 20:46:37 2018
25	26	26	0	0	22	24	0	0	39	0	0	Thu Apr 19 20:46:40 2018
25	26	26	0	0	22	24	0	0	39	0	0	Thu Apr 19 20:46:42 2018
25	26	26	0	0	22	24	0	0	39	0	0	Thu Apr 19 20:46:44 2018
25	26	26	0	0	22	24	0	0	39	0	0	Thu Apr 19 20:46:46 2018
25	26	26	0	0	22	24	0	0	39	0	0	Thu Apr 19 20:46:48 2018
25	26	26	0	0	22	24	0	0	39	0	0	Thu Apr 19 20:46:50 2018
25	26	26	0	0	21	24	0	0	39	0	0	Thu Apr 19 20:46:52 2018
25	26	26	0	0	22	24	0	0	39	0	0	Thu Apr 19 20:46:54 2018
25	26	26	0	0	22	24	0	0	39	0	0	Thu Apr 19 20:46:56 2018
25	26	26	0	0	22	24	0	0	39	0	0	Thu Apr 19 20:46:58 2018
25	26	26	0	0	22	24	0	0	39	0	0	Thu Apr 19 20:47:00 2018
25	26	26	0	0	22	24	0	0	39	0	0	Thu Apr 19 20:47:02 2018
25	26	26	0	0	22	24	0	0	39	0	0	Thu Apr 19 20:47:04 2018
25	26	26	0	0	22	24	0	0	39	0	0	Thu Apr 19 20:47:06 2018
25	26	26	0	0	22	24	0	0	39	0	0	Thu Apr 19 20:47:08 2018
25	26	26	0	0	22	24	0	0	39	0	0	Thu Apr 19 20:47:11 2018
25	26	26	0	0	22	24	0	0	39	0	0	Thu Apr 19 20:47:13 2018
25	26	26	0	0	22	24	0	0	39	0	0	Thu Apr 19 20:47:15 2018
25	26	26	0	0	22	24	0	0	39	0	0	Thu Apr 19 20:47:17 2018
25	26	26	0	0	22	24	0	0	39	0	0	Thu Apr 19 20:47:19 2018
25	26	26	0	0	22	24	0	0	39	0	0	Thu Apr 19 20:47:21 2018
25	26	26	0	0	22	24	0	0	39	0	0	Thu Apr 19 20:47:23 2018
25	26	26	0	0	22	24	0	0	39	0	0	Thu Apr 19 20:47:25 2018
25	26	26	0	0	22	24	0	0	39	0	0	Thu Apr 19 20:47:27 2018
25	26	26	0	0	22	24	0	0	39	0	0	Thu Apr 19 20:47:29 2018
25	26	26	0	0	22	24	0	0	39	0	0	Thu Apr 19 20:47:31 2018
25	26	26	0	0	22	24	0	0	39	0	0	Thu Apr 19 20:47:33 2018
25	26	26	0	0	22	24	0	0	39	0	0	Thu Apr 19 20:47:35 2018
25	26	26	0	0	22	24	0	0	39	0	0	Thu Apr 19 20:47:37 2018
25	26	26	0	0	22	24	0	0	39	0	0	Thu Apr 19 20:47:39 2018
25	26	26	0	0	22	24	0	0	39	0	0	Thu Apr 19 20:47:41 2018
25	26	26	0	0	22	24	0	0	39	0	0	Thu Apr 19 20:47:44 2018
25	26	26	0	0	22	24	0	0	39	0	0	Thu Apr 19 20:47:46 2018
25	26	26	0	0	22	24	0	0	39	0	0	Thu Apr 19 20:47:48 2018
25	26	26	0	0	22	24	0	0	39	0	0	Thu Apr 19 20:47:50 2018
25	26	26	0	0	22	24	0	0	39	0	0	Thu Apr 19 20:47:52 2018
25	26	26	0	0	22	24	0	0	39	0	0	Thu Apr 19 20:47:54 2018
25	26	26	0	0	22	24	0	0	39	0	0	Thu Apr 19 20:47:56 2018
25	26	26	0	0	22	24	0	0	39	0	0	Thu Apr 19 20:47:58 2018
25	26	26	0	0	22	24	0	0	39	0	0	Thu Apr 19 20:48:00 2018
25	26	26	0	0	22	24	0	0	39	0	0	Thu Apr 19 20:48:02 2018
25	26	26	0	0	22	24	0	0	39	0	0	Thu Apr 19 20:48:04 2018
25	26	26	0	0	22	24	0	0	39	0	0	Thu Apr 19 20:48:06 2018
25	26	26	0	0	22	24	0	0	39	0	0	Thu Apr 19 20:48:08 2018
25	26	26	0	0	22	24	0	0	39	0	0	Thu Apr 19 20:48:10 2018
25	26	26	0	0	22	24	0	0	39	0	0	Thu Apr 19 20:48:13 2018
25	26	26	0	0	22	24	0	0	39	0	0	Thu Apr 19 20:48:15 2018
25	26	26	0	0	22	24	0	0	39	0	0	Thu Apr 19 20:48:17 2018
25	26	26	0	0	22	24	0	0	39	0	0	Thu Apr 19 20:48:19 2018
25	26	26	0	0	22	24	0	0	39	0	0	Thu Apr 19 20:48:21 2018
25	26	26	0	0	22	24	0	0	39	0	0	Thu Apr 19 20:48:23 2018
25	26	26	0	0	22	24	0	0	39	0	0	Thu Apr 19 20:48:25 2018
25	26	26	0	0	22	24	0	0	39	0	0	Thu Apr 19 20:48:27 2018
25	26	26	0	0	22	24	0	0	39	0	0	Thu Apr 19 20:48:29 2018
25	26	26	0	0	22	24	0	0	39	0	0	Thu Apr 19 20:48:31 2018
25	26	26	0	0	22	24	0	0	39	0	0	Thu Apr 19 20:48:33 2018
25	26	26	0	0	22	24	0	0	39	0	0	Thu Apr 19 20:48:35 2018
25	26	26	0	0	22	24	0	0	39	0	0	Thu Apr 19 20:48:37 2018
25	26	26	0	0	22	24	0	0	39	0	0	Thu Apr 19 20:48:39 2018
25	26	26	0	0	22	24	0	0	39	0	0	Thu Apr 19 20:48:41 2018
25	26	26	0	0	22	24	0	0	39	0	0	Thu Apr 19 20:48:44 2018
25	26	26	0	0	22	24	0	0	39	0	0	Thu Apr 19 20:48:46 2018
25	26	26	0	0	22	24	0	0	39	0	0	Thu Apr 19 20:48:48 2018
25	26	26	0	0	22	24	0	0	39	0	0	Thu Apr 19 20:48:50 2018
25	26	26	0	0	22	24	0	0	39	0	0	Thu Apr 19 20:48:52 2018
25	26	26	0	0	22	24	0	0	39	0	0	Thu Apr 19 20:48:54 2018
25	26	26	0	0	22	24	0	0	39	0	0	Thu Apr 19 20:48:56 2018
25	26	26	0	0	22	24	0	0	39	0	0	Thu Apr 19 20:48:58 2018
25	26	26	0	0	22	24	0	0	39	0	0	Thu Apr 19 20:49:00 2018
25	26	26	0	0	22	24	0	0	39	0	0	Thu Apr 19 20:49:02 2018
25	26	26	0	0	22	24	0	0	39	0	0	Thu Apr 19 20:49:04 2018
25	26	26	0	0	22	24	0	0	39	0	0	Thu Apr 19 20:49:06 2018
25	26	26	0	0	21	24	0	0	39	0	0	Thu Apr 19 20:49:08 2018
25	26	26	0	0	21	24	0	0	39	0	0	Thu Apr 19 20:49:10 2018
25	26	26	0	0	21	24	0	0	39	0	0	Thu Apr 19 20:49:12 2018
25	26	26	0	0	21	24	0	0	39	0	0	Thu Apr 19 20:49:15 2018
25	26	26	0	0	21	24	0	0	39	0	0	Thu Apr 19 20:49:17 2018
25	26	26	0	0	21	24	0	0	39	0	0	Thu Apr 19 20:49:19 2018
25	26	26	0	0	21	24	0	0	39	0	0	Thu Apr 19 20:49:21 2018
25	26	26	0	0	21	24	0	0	39	0	0	Thu Apr 19 20:49:23 2018
25	26	26	0	0	21	24	0	0	39	0	0	Thu Apr 19 20:49:25 2018
25	26	26	0	0	21	24	0	0	39	0	0	Thu Apr 19 20:49:27 2018
25	26	26	0	0	21	24	0	0	39	0	0	Thu Apr 19 20:49:29 2018
25	26	26	0	0	21	24	0	0	39	0	0	Thu Apr 19 20:49:31 2018
25	26	26	0	0	21	24	0	0	39	0	0	Thu Apr 19 20:49:33 2018
25	26	26	0	0	21	24	0	0	39	0	0	Thu Apr 19 20:49:35 2018
25	26	26	0	0	21	24	0	0	39	0	0	Thu Apr 19 20:49:37 2018
25	26	26	0	0	21	24	0	0	39	0	0	Thu Apr 19 20:49:39 2018
25	26	26	0	0	21	24	0	0	39	0	0	Thu Apr 19 20:49:41 2018
25	26	26	0	0	21	24	0	0	39	0	0	Thu Apr 19 20:49:44 2018
25	26	26	0	0	21	24	0	0	39	0	0	Thu Apr 19 20:49:46 2018
25	26	26	0	0	21	24	0	0	39	0	0	Thu Apr 19 20:49:48 2018
25	26	26	0	0	21	24	0	0	39	0	0	Thu Apr 19 20:49:50 2018
25	26	26	0	0	21	24	0	0	39	0	0	Thu Apr 19 20:49:52 2018
25	26	26	0	0	21	24	0	0	39	0	0	Thu Apr 19 20:49:54 2018
25	26	26	0	0	21	24	0	0	39	0	0	Thu Apr 19 20:49:56 2018
25	26	26	0	0	21	24	0	0	39	0	0	Thu Apr 19 20:49:58 2018
25	26	26	0	0	21	24	0	0	39	0	0	Thu Apr 19 20:50:00 2018
25	26	26	0	0	21	24	0	0	39	0	0	Thu Apr 19 20:50:02 2018
25	26	26	0	0	21	24	0	0	39	0	0	Thu Apr 19 20:50:04 2018
25	26	0	0	0	21	24	0	0	39	0	0	Thu Apr 19 20:50:06 2018
25	26	26	0	0	21	24	0	0	39	0	0	Thu Apr 19 20:50:08 2018
25	26	26	0	0	21	24	0	0	39	0	0	Thu Apr 19 20:50:10 2018
25	26	26	0	0	21	24	0	0	39	0	0	Thu Apr 19 20:50:13 2018
25	26	26	0	0	21	24	0	0	39	0	0	Thu Apr 19 20:50:15 2018
25	26	26	0	0	21	24	0	0	39	0	0	Thu Apr 19 20:50:17 2018
25	26	26	0	0	21	24	0	0	39	0	0	Thu Apr 19 20:50:19 2018
25	26	0	0	0	21	24	0	0	39	0	0	Thu Apr 19 20:50:21 2018
25	26	26	0	0	21	24	0	0	39	0	0	Thu Apr 19 20:50:23 2018
25	26	26	0	0	21	24	0	0	39	0	0	Thu Apr 19 20:50:25 2018
25	26	26	0	0	21	24	0	0	39	0	0	Thu Apr 19 20:50:27 2018
25	26	26	0	0	21	24	0	0	39	0	0	Thu Apr 19 20:50:29 2018
25	26	26	0	0	21	24	0	0	39	0	0	Thu Apr 19 20:50:31 2018
25	26	26	0	0	21	24	0	0	39	0	0	Thu Apr 19 20:50:33 2018
25	0	0	0	0	21	24	0	0	39	0	0	Thu Apr 19 20:50:35 2018
25	26	26	0	0	21	24	0	0	39	0	0	Thu Apr 19 20:50:37 2018
25	26	26	25	0	21	24	0	0	39	0	0	Thu Apr 19 20:50:39 2018
25	26	26	25	0	21	24	0	0	39	0	0	Thu Apr 19 20:50:42 2018
25	26	26	25	0	21	24	0	0	39	0	0	Thu Apr 19 20:50:44 2018
25	26	26	25	0	21	24	0	0	39	0	0	Thu Apr 19 20:50:46 2018
25	26	26	25	0	21	24	0	0	39	0	0	Thu Apr 19 20:50:48 2018
25	26	26	25	0	21	24	0	0	39	0	0	Thu Apr 19 20:50:50 2018
25	26	26	25	0	21	24	0	0	39	0	0	Thu Apr 19 20:50:52 2018
25	26	26	25	0	21	24	0	0	39	0	0	Thu Apr 19 20:50:54 2018
25	26	26	25	0	21	24	0	0	39	0	0	Thu Apr 19 20:50:56 2018
25	26	26	25	0	21	24	0	0	39	0	0	Thu Apr 19 20:50:58 2018
25	26	26	25	0	21	24	0	0	39	0	0	Thu Apr 19 20:51:00 2018
25	26	26	25	0	21	24	0	0	39	0	0	Thu Apr 19 20:51:02 2018
25	26	26	25	0	21	24	0	0	39	0	0	Thu Apr 19 20:51:04 2018
25	26	26	25	0	21	24	0	0	39	0	0	Thu Apr 19 20:51:06 2018
25	26	26	25	0	21	24	0	0	39	0	0	Thu Apr 19 20:51:08 2018
25	26	26	25	0	21	24	0	0	39	0	0	Thu Apr 19 20:51:10 2018
25	26	26	25	0	21	24	0	0	39	0	0	Thu Apr 19 20:51:12 2018
25	26	26	25	0	21	24	0	0	39	0	0	Thu Apr 19 20:51:15 2018
25	26	26	25	0	21	24	0	0	39	0	0	Thu Apr 19 20:51:17 2018
25	26	26	25	0	21	24	0	0	39	0	0	Thu Apr 19 20:51:19 2018
25	26	26	25	0	21	24	0	0	39	0	0	Thu Apr 19 20:51:21 2018
25	26	26	25	0	21	24	0	0	39	0	0	Thu Apr 19 20:51:23 2018
25	26	26	25	0	21	24	0	0	39	0	0	Thu Apr 19 20:51:25 2018
25	26	26	25	0	21	24	0	0	39	0	0	Thu Apr 19 20:51:27 2018
25	26	26	25	0	21	24	0	0	39	0	0	Thu Apr 19 20:51:29 2018
25	26	26	25	0	21	24	0	0	39	0	0	Thu Apr 19 20:51:31 2018
25	26	26	25	0	21	24	0	0	39	0	0	Thu Apr 19 20:51:33 2018
25	26	26	25	0	21	24	0	0	39	0	0	Thu Apr 19 20:51:35 2018
25	26	26	0	0	21	24	0	0	39	0	0	Thu Apr 19 20:51:37 2018
25	26	26	25	0	21	24	0	0	39	0	0	Thu Apr 19 20:51:39 2018
25	26	26	25	0	21	24	0	0	39	0	0	Thu Apr 19 20:51:41 2018
25	26	26	25	0	21	24	0	0	39	0	0	Thu Apr 19 20:51:44 2018
25	26	26	25	0	21	24	0	0	39	0	0	Thu Apr 19 20:51:46 2018
25	26	26	25	0	21	24	0	0	39	0	0	Thu Apr 19 20:51:48 2018
25	26	26	25	0	21	24	0	0	39	0	0	Thu Apr 19 20:51:50 2018
25	26	26	25	0	21	24	0	0	39	0	0	Thu Apr 19 20:51:52 2018
25	26	26	25	0	21	24	0	0	39	0	0	Thu Apr 19 20:51:54 2018
25	26	26	25	0	21	24	0	0	39	0	0	Thu Apr 19 20:51:56 2018
25	26	26	25	0	21	24	0	0	39	0	0	Thu Apr 19 20:51:58 2018
25	26	26	25	0	21	24	0	0	39	0	0	Thu Apr 19 20:52:00 2018
25	26	26	25	0	21	24	0	0	39	0	0	Thu Apr 19 20:52:02 2018
25	26	26	25	0	21	24	0	0	39	0	0	Thu Apr 19 20:52:04 2018
25	26	0	0	0	21	24	0	0	39	0	0	Thu Apr 19 20:52:06 2018
25	26	26	25	0	21	24	0	0	39	0	0	Thu Apr 19 20:52:09 2018
25	26	26	25	0	21	24	0	0	39	0	0	Thu Apr 19 20:52:11 2018
25	26	26	25	0	21	24	0	0	39	0	0	Thu Apr 19 20:52:13 2018
25	26	26	25	0	21	24	0	0	39	0	0	Thu Apr 19 20:52:15 2018
25	26	26	25	0	21	24	0	0	39	0	0	Thu Apr 19 20:52:17 2018
25	26	26	25	0	21	24	0	0	39	0	0	Thu Apr 19 20:52:19 2018
25	26	26	25	0	21	24	0	0	39	0	0	Thu Apr 19 20:52:21 2018
25	26	26	25	0	21	24	0	0	39	0	0	Thu Apr 19 20:52:23 2018
25	26	26	25	0	21	24	0	0	39	0	0	Thu Apr 19 20:52:25 2018
25	0	0	0	0	21	24	0	0	39	0	0	Thu Apr 19 20:52:27 2018
25	26	26	25	0	21	24	0	0	39	0	0	Thu Apr 19 20:52:29 2018
25	26	26	25	0	21	24	0	0	39	0	0	Thu Apr 19 20:52:31 2018
25	26	26	25	0	21	24	0	0	39	0	0	Thu Apr 19 20:52:33 2018
25	26	26	25	0	21	24	0	0	39	0	0	Thu Apr 19 20:52:35 2018
25	26	26	25	0	21	24	0	0	39	0	0	Thu Apr 19 20:52:37 2018
25	26	26	25	0	21	24	0	0	39	0	0	Thu Apr 19 20:52:40 2018
25	26	26	25	0	21	24	0	0	39	0	0	Thu Apr 19 20:52:42 2018
25	26	26	25	0	21	24	0	0	39	0	0	Thu Apr 19 20:52:44 2018
25	26	26	25	0	21	24	0	0	39	0	0	Thu Apr 19 20:52:46 2018
25	26	26	25	0	21	24	0	0	39	0	0	Thu Apr 19 20:52:48 2018
25	26	26	25	0	21	24	0	0	39	0	0	Thu Apr 19 20:52:50 2018
25	26	26	25	0	21	24	0	0	39	0	0	Thu Apr 19 20:52:52 2018
25	26	26	25	0	21	24	0	0	39	0	0	Thu Apr 19 20:52:54 2018
25	26	26	25	0	21	24	0	0	39	0	0	Thu Apr 19 20:52:56 2018
25	26	26	25	0	21	24	0	0	39	0	0	Thu Apr 19 20:52:58 2018
25	26	26	25	0	21	24	0	0	39	0	0	Thu Apr 19 20:53:00 2018
25	26	26	25	0	21	24	0	0	39	0	0	Thu Apr 19 20:53:02 2018
25	26	26	25	0	21	24	0	0	39	0	0	Thu Apr 19 20:53:04 2018
25	26	26	25	0	21	24	0	0	39	0	0	Thu Apr 19 20:53:06 2018
25	26	26	25	0	21	24	0	0	39	0	0	Thu Apr 19 20:53:09 2018
25	26	26	25	0	21	24	0	0	39	0	0	Thu Apr 19 20:53:11 2018
25	26	26	25	0	21	24	0	0	39	0	0	Thu Apr 19 20:53:13 2018
25	26	26	25	0	21	24	0	0	39	0	0	Thu Apr 19 20:53:15 2018
25	26	26	25	0	21	24	0	0	39	0	0	Thu Apr 19 20:53:17 2018
25	26	26	25	0	21	24	0	0	39	0	0	Thu Apr 19 20:53:19 2018
25	26	26	25	0	21	24	0	0	39	0	0	Thu Apr 19 20:53:21 2018
25	26	26	25	0	21	24	0	0	39	0	0	Thu Apr 19 20:53:23 2018
25	26	26	25	0	21	24	0	0	39	0	0	Thu Apr 19 20:53:25 2018
25	26	26	25	0	21	24	0	0	39	0	0	Thu Apr 19 20:53:27 2018
25	26	26	25	0	21	24	0	0	39	0	0	Thu Apr 19 20:53:29 2018
25	26	26	25	0	21	24	0	0	39	0	0	Thu Apr 19 20:53:31 2018
25	26	26	25	0	21	24	0	0	39	0	0	Thu Apr 19 20:53:33 2018
25	26	26	25	0	21	24	0	0	39	0	0	Thu Apr 19 20:53:35 2018
25	26	26	25	0	21	24	0	0	39	0	0	Thu Apr 19 20:53:37 2018
25	26	26	25	0	21	24	0	0	39	0	0	Thu Apr 19 20:53:39 2018
25	26	26	25	0	21	24	0	0	39	0	0	Thu Apr 19 20:53:42 2018
25	0	0	0	0	21	24	0	0	39	0	0	Thu Apr 19 20:53:44 2018
25	26	26	25	0	20	24	0	0	39	0	0	Thu Apr 19 20:53:46 2018
25	26	26	25	0	21	24	0	0	39	0	0	Thu Apr 19 20:53:48 2018
25	26	26	25	0	21	24	0	0	39	0	0	Thu Apr 19 20:53:50 2018
25	26	26	25	0	21	24	0	0	39	0	0	Thu Apr 19 20:53:52 2018
25	26	26	25	0	21	24	0	0	39	0	0	Thu Apr 19 20:53:54 2018
25	26	26	25	0	21	24	0	0	39	0	0	Thu Apr 19 20:53:56 2018
25	26	26	25	0	21	24	0	0	39	0	0	Thu Apr 19 20:53:58 2018
25	26	26	25	0	21	24	0	0	39	0	0	Thu Apr 19 20:54:00 2018
25	26	26	25	0	21	24	0	0	39	0	0	Thu Apr 19 20:54:02 2018
25	26	26	25	0	21	24	0	0	39	0	0	Thu Apr 19 20:54:04 2018
25	26	26	25	0	21	24	0	0	39	0	0	Thu Apr 19 20:54:06 2018
25	26	26	25	0	21	24	0	0	39	0	0	Thu Apr 19 20:54:09 2018
25	26	26	25	0	21	24	0	0	39	0	0	Thu Apr 19 20:54:11 2018
25	26	26	25	0	21	24	0	0	39	0	0	Thu Apr 19 20:54:13 2018
25	26	26	25	0	21	24	0	0	39	0	0	Thu Apr 19 20:54:15 2018
25	26	26	25	0	21	24	0	0	39	0	0	Thu Apr 19 20:54:17 2018
25	26	26	25	0	21	24	0	0	39	0	0	Thu Apr 19 20:54:19 2018
25	26	26	25	0	21	24	0	0	39	0	0	Thu Apr 19 20:54:21 2018
25	26	26	25	0	21	24	0	0	39	0	0	Thu Apr 19 20:54:23 2018
25	26	26	25	0	21	24	0	0	39	0	0	Thu Apr 19 20:54:25 2018
25	26	26	25	0	21	24	0	0	39	0	0	Thu Apr 19 20:54:27 2018
25	26	26	25	0	21	24	0	0	39	0	0	Thu Apr 19 20:54:29 2018
25	26	26	25	0	21	24	0	0	39	0	0	Thu Apr 19 20:54:31 2018
25	26	26	25	0	20	24	0	0	39	0	0	Thu Apr 19 20:54:33 2018
25	26	26	25	0	21	24	0	0	39	0	0	Thu Apr 19 20:54:35 2018
25	26	26	25	0	20	24	0	0	39	0	0	Thu Apr 19 20:54:37 2018
25	26	26	25	0	21	24	0	0	39	0	0	Thu Apr 19 20:54:40 2018
25	26	26	25	0	21	24	0	0	39	0	0	Thu Apr 19 20:54:42 2018
25	26	26	25	0	21	24	0	0	39	0	0	Thu Apr 19 20:54:44 2018
25	26	26	25	0	21	24	0	0	39	0	0	Thu Apr 19 20:54:46 2018
25	26	26	25	0	21	24	0	0	39	0	0	Thu Apr 19 20:54:48 2018
25	26	26	25	0	21	24	0	0	39	0	0	Thu Apr 19 20:54:50 2018
25	26	26	25	0	21	24	0	0	39	0	0	Thu Apr 19 20:54:52 2018
25	26	26	25	0	21	24	0	0	39	0	0	Thu Apr 19 20:54:54 2018
25	26	26	25	0	20	24	0	0	39	0	0	Thu Apr 19 20:54:56 2018
25	26	26	25	0	21	24	0	0	39	0	0	Thu Apr 19 20:54:58 2018
25	26	26	25	0	21	24	0	0	39	0	0	Thu Apr 19 20:55:00 2018
25	26	26	25	0	21	24	0	0	39	0	0	Thu Apr 19 20:55:02 2018
25	26	26	25	0	20	24	0	0	39	0	0	Thu Apr 19 20:55:09 2018
25	26	26	25	0	21	24	0	0	39	0	0	Thu Apr 19 20:55:11 2018
25	26	26	25	0	21	24	0	0	39	0	0	Thu Apr 19 20:55:13 2018
25	26	26	25	0	21	24	0	0	39	0	0	Thu Apr 19 20:55:15 2018
25	26	26	25	0	21	24	0	0	39	0	0	Thu Apr 19 20:55:17 2018
25	26	26	25	0	21	24	0	0	39	0	0	Thu Apr 19 20:55:19 2018
25	26	26	25	0	21	24	0	0	39	0	0	Thu Apr 19 20:55:21 2018
25	26	26	25	0	21	24	0	0	39	0	0	Thu Apr 19 20:55:23 2018
25	26	26	25	0	21	24	0	0	39	0	0	Thu Apr 19 20:55:25 2018
25	26	26	25	0	21	24	0	0	39	0	0	Thu Apr 19 20:55:27 2018
25	26	26	25	0	21	24	0	0	39	0	0	Thu Apr 19 20:55:29 2018
25	26	26	25	0	21	24	0	0	39	0	0	Thu Apr 19 20:55:31 2018
25	26	26	25	0	20	24	0	0	39	0	0	Thu Apr 19 20:55:33 2018
25	26	26	25	0	19	24	0	0	39	0	0	Thu Apr 19 20:55:36 2018
25	26	26	25	0	20	24	0	0	39	0	0	Thu Apr 19 20:55:38 2018
25	26	26	25	0	20	24	0	0	39	0	0	Thu Apr 19 20:55:40 2018
25	26	26	25	0	20	24	0	0	39	0	0	Thu Apr 19 20:55:42 2018
25	26	26	25	0	20	24	0	0	39	0	0	Thu Apr 19 20:55:44 2018
25	26	26	25	0	20	24	0	0	39	0	0	Thu Apr 19 20:55:46 2018
25	26	26	25	0	20	24	0	0	39	0	0	Thu Apr 19 20:55:48 2018
25	26	26	25	0	20	24	0	0	39	0	0	Thu Apr 19 20:55:50 2018
25	26	26	25	0	20	24	0	0	39	0	0	Thu Apr 19 20:55:52 2018
25	26	26	25	0	20	24	0	0	39	0	0	Thu Apr 19 20:55:54 2018
25	26	26	25	0	20	24	0	0	39	0	0	Thu Apr 19 20:55:56 2018
25	26	26	25	0	20	24	0	0	39	0	0	Thu Apr 19 20:55:58 2018
25	26	26	25	0	20	24	0	0	39	0	0	Thu Apr 19 20:56:00 2018
25	26	26	25	0	20	24	0	0	39	0	0	Thu Apr 19 20:56:02 2018
25	26	26	25	0	20	24	0	0	39	0	0	Thu Apr 19 20:56:04 2018
25	26	26	25	0	20	24	0	0	39	0	0	Thu Apr 19 20:56:06 2018
25	26	26	25	0	20	24	0	0	39	0	0	Thu Apr 19 20:56:08 2018
25	26	26	25	0	20	24	0	0	39	0	0	Thu Apr 19 20:56:11 2018
25	26	26	25	0	20	24	0	0	39	0	0	Thu Apr 19 20:56:13 2018
25	26	26	25	0	20	24	0	0	39	0	0	Thu Apr 19 20:56:15 2018
25	26	26	25	0	20	24	0	0	39	0	0	Thu Apr 19 20:56:17 2018
25	26	26	25	0	20	24	0	0	39	0	0	Thu Apr 19 20:56:19 2018
25	26	26	25	0	21	24	0	0	39	0	0	Thu Apr 19 20:56:21 2018
25	26	26	25	0	20	24	0	0	39	0	0	Thu Apr 19 20:56:23 2018
25	26	26	25	0	21	24	0	0	39	0	0	Thu Apr 19 20:56:25 2018
25	26	26	25	0	21	24	0	0	39	0	0	Thu Apr 19 20:56:27 2018
25	26	26	25	0	21	24	0	0	39	0	0	Thu Apr 19 20:56:29 2018
25	26	26	25	0	21	24	0	0	39	0	0	Thu Apr 19 20:56:31 2018
25	26	26	25	0	21	24	0	0	39	0	0	Thu Apr 19 20:56:33 2018
25	26	26	25	0	21	24	0	0	39	0	0	Thu Apr 19 20:56:35 2018
25	26	26	25	0	21	24	0	0	39	0	0	Thu Apr 19 20:56:37 2018
25	26	26	25	0	21	24	0	0	39	0	0	Thu Apr 19 20:56:39 2018
25	26	26	25	0	20	24	0	0	39	0	0	Thu Apr 19 20:56:41 2018
25	26	26	25	0	21	24	0	0	39	0	0	Thu Apr 19 20:56:43 2018
25	26	26	25	0	20	24	0	0	39	0	0	Thu Apr 19 20:56:45 2018
25	26	26	25	0	20	24	0	0	39	0	0	Thu Apr 19 20:56:48 2018
25	26	26	25	0	20	24	0	0	39	0	0	Thu Apr 19 20:56:50 2018
25	26	26	25	0	20	24	0	0	39	0	0	Thu Apr 19 20:56:52 2018
25	26	26	25	0	20	24	0	0	39	0	0	Thu Apr 19 20:56:54 2018
25	26	26	25	0	20	24	0	0	39	0	0	Thu Apr 19 20:56:56 2018
25	26	26	25	0	21	24	0	0	39	0	0	Thu Apr 19 20:56:58 2018
25	26	26	25	0	20	24	0	0	39	0	0	Thu Apr 19 20:57:00 2018
25	26	26	25	0	21	24	0	0	39	0	0	Thu Apr 19 20:57:02 2018
25	26	26	25	0	20	24	0	0	39	0	0	Thu Apr 19 20:57:04 2018
25	26	26	25	0	21	24	0	0	39	0	0	Thu Apr 19 20:57:06 2018
25	26	26	25	0	20	24	0	0	39	0	0	Thu Apr 19 20:57:08 2018
25	26	26	25	0	20	24	0	0	39	0	0	Thu Apr 19 20:57:10 2018
25	26	26	25	0	20	24	0	0	39	0	0	Thu Apr 19 20:57:12 2018
25	26	26	25	0	20	24	0	0	39	0	0	Thu Apr 19 20:57:14 2018
25	26	26	25	0	21	24	0	0	39	0	0	Thu Apr 19 20:57:16 2018
25	26	26	25	0	21	24	0	0	39	0	0	Thu Apr 19 20:57:18 2018
25	0	0	0	0	21	24	0	0	39	0	0	Thu Apr 19 20:57:20 2018
0	0	0	0	0	21	24	0	0	39	0	0	Thu Apr 19 20:57:23 2018
0	0	0	0	0	21	24	0	0	39	0	0	Thu Apr 19 20:57:25 2018
0	0	0	0	0	21	24	0	0	39	0	0	Thu Apr 19 20:57:27 2018
0	0	0	0	0	21	24	0	0	39	0	0	Thu Apr 19 20:57:29 2018
0	0	0	0	0	21	24	0	0	39	0	0	Thu Apr 19 20:57:31 2018
0	0	0	0	0	21	24	0	0	39	0	0	Thu Apr 19 20:57:33 2018
0	0	0	0	0	21	24	0	0	39	0	0	Thu Apr 19 20:57:35 2018
0	0	0	0	0	21	24	0	0	39	0	0	Thu Apr 19 20:57:37 2018
0	0	0	0	0	21	24	0	0	39	0	0	Thu Apr 19 20:57:39 2018
0	0	0	0	0	21	24	0	0	39	0	0	Thu Apr 19 20:57:41 2018
0	0	0	0	0	21	24	0	0	39	0	0	Thu Apr 19 20:57:43 2018
0	0	0	0	0	21	24	0	0	39	0	0	Thu Apr 19 20:57:45 2018
0	0	0	0	0	21	24	0	0	39	0	0	Thu Apr 19 20:57:47 2018
0	0	0	0	0	21	24	0	0	39	0	0	Thu Apr 19 20:57:49 2018
0	0	0	0	0	21	24	0	0	39	0	0	Thu Apr 19 20:57:51 2018
0	0	0	0	0	21	24	0	0	39	0	0	Thu Apr 19 20:57:53 2018
0	0	0	0	0	21	24	0	0	39	0	0	Thu Apr 19 20:57:56 2018
0	0	0	0	0	21	24	0	0	39	0	0	Thu Apr 19 20:57:58 2018
0	0	0	0	0	21	24	0	0	39	0	0	Thu Apr 19 20:58:00 2018
0	0	0	0	0	21	24	0	0	39	0	0	Thu Apr 19 20:58:02 2018
0	0	0	0	0	21	24	0	0	39	0	0	Thu Apr 19 20:58:04 2018
0	0	0	0	0	21	24	0	0	39	0	0	Thu Apr 19 20:58:06 2018
0	0	0	0	0	21	24	0	0	39	0	0	Thu Apr 19 20:58:08 2018
0	0	0	0	0	21	24	0	0	39	0	0	Thu Apr 19 20:58:10 2018
0	0	0	0	0	21	24	0	0	39	0	0	Thu Apr 19 20:58:12 2018
0	0	0	0	0	21	24	0	0	39	0	0	Thu Apr 19 20:58:14 2018
